4355
4911
5673
5695
11054
11146
11226
11412
23949
23968
24237
24238
24244
26830
26936
30121
30699
31495
31525
31639
31679
31685
31690
31713
31730
31736
31742
34753
34768
34771
34774
34780
34784
34814
34827
34836
34849
34852
34859
34872
34875
34891
34904
34908
34914
34917
34927
34934
34940
34955
34961
34964
34967
34970
34973
34976
35000
35003
35015
35021
35024
35027
35030
35033
35055
35058
35062
35069
35076
35079
35082
35085
35088
35091
35094
35103
35116
35119
35122
35132
35139
35154
35164
35170
35179
35182
35192
35195
35198
35205
35208
35215
35224
35236
35239
35246
35249
35262
35275
35284
35287
35303
35311
35321
35324
35350
35358
35369
35389
35401
35416
35422
35429
35435
35445
35448
35451
35455
35465
35468
35481
35487
35490
35496
35499
35502
35505
35508
35511
35517
35520
35523
35526
35529
35532
35535
35538
35578
35581
35590
35602
35638
35641
35653
35656
35674
35678
35681
35690
35702
35705
35708
35714
35726
35729
35732
35738
35741
35744
35747
35750
35753
35762
35765
35768
35771
35774
35777
35780
35783
35786
35789
35792
35795
35798
35801
35822
35825
35828
35835
35838
35845
35851
35854
35857
35863
35869
35872
35875
35878
35881
35884
35887
35890
35893
35896
35899
35902
35905
35908
35911
35914
35917
35920
35926
35929
35932
35938
35941
35944
35947
35950
35956
35962
35965
35968
35971
35974
35977
35980
35983
35992
36001
36004
36007
36010
36013
36016
36028
36031
36034
36037
36043
36046
36052
36061
36064
36073
36076
36079
36082
36085
36088
36097
36100
36106
36109
36112
36115
36118
36121
36124
36127
36130
36133
36136
36145
36148
36151
36154
36157
36160
36163
36166
36169
36178
36181
36184
36187
36190
36193
36196
36199
36202
36205
36217
36228
36231
36239
36242
36250
36260
36263
36273
36276
36279
36298
36301
36323
36332
36339
36355
36385
36394
36405
36426
36432
36442
36451
36481
36486
36491
36497
36501
36504
36524
36600
36679
36711
36712
36714
36715
36717
36726
36729
36735
36750
36756
36759
36762
36775
36779
36785
36788
36791
36798
36806
36816
36819
36839
36842
36855
36864
36867
36882
36897
36900
36903
36907
36928
36950
36958
36966
36989
37001
37005
37008
37026
37043
37058
37063
37083
37090
37100
37103
37112
37115
37127
37136
37154
37160
37163
37172
37184
37191
37207
37210
37218
37221
37230
37233
37236
37239
37251
37254
37260
37267
37277
37284
37287
37294
37297
37303
37309
37319
37439
37466
37493
37496
37499
37504
37514
37530
37581
37618
37666
37671
37692
37697
43789
46301
46305
46309
46313
46317
46321
46908
47301
47303
47305
47307
47593
48047
48295
