418
642
1534
4569
5293
5295
5589
9179
9278
10941
11373
11374
11375
11376
11377
11379
11664
12345
12352
12361
12549
15636
17064
17070
17079
17088
17157
17192
17194
17283
17289
17295
17319
17325
17373
17378
17380
17382
17384
17388
17431
17498
17512
17530
17582
17599
17608
17626
17660
17663
17723
17757
17788
17804
17808
17850
17875
17880
17883
17885
17904
17916
17922
17928
17936
17942
17968
17987
18033
18038
18047
18063
18082
18118
18150
18162
18170
18191
18203
18230
18281
18357
18382
18434
18440
18463
18521
18636
18656
18666
18683
18690
18703
18715
18720
18725
18733
18737
18741
18855
18879
18902
18962
18968
19030
19081
19092
19097
19128
19141
19142
19181
19188
19193
19215
19220
19225
19227
23924
23925
23926
23927
23928
23929
23930
23931
23932
23933
23934
23935
23936
23937
23939
23940
23941
23943
23944
23945
23946
23947
23948
23969
23970
23971
23972
23973
23974
24072
24752
25375
25616
25751
25863
25895
25897
25904
25911
25926
25935
25936
25938
25939
25947
25981
25982
25988
26000
26002
26006
26045
26095
26184
26189
26198
26204
26217
26228
26394
26408
26418
26492
26493
26505
26508
26510
26516
26517
26528
26530
26545
26546
26550
26558
26559
26564
26577
26578
26585
26586
26592
26602
26611
26612
26617
26618
26625
26632
26637
26647
26648
26651
26658
26667
26681
26819
26820
26823
26826
26827
26832
26834
26837
26839
26842
26844
26846
26849
26851
26853
26854
26856
26859
26861
26862
26864
26867
26869
26871
26874
26876
26879
26881
26883
26886
26887
26889
26890
26894
26897
26900
26908
26911
26912
26916
26917
26919
26920
26922
26925
26926
26928
26929
26932
26934
26937
26940
26944
26947
26948
26949
26953
26956
27099
27102
27134
27259
27263
27427
27434
30688
32058
32443
34643
34645
34646
34648
34649
34650
34651
34652
34653
34654
34655
34656
34657
34658
34659
34660
34661
34662
34663
34664
34665
34666
34667
34668
34669
34670
34671
34672
34673
34674
34675
34676
34677
34678
34679
34680
34681
34682
34683
34684
34685
34686
34687
34688
34689
34690
34691
34692
34693
34694
34695
34696
34697
34698
34699
34700
34701
34702
34703
34704
34705
34706
34707
34708
34709
34710
34711
34712
34713
34714
34715
34716
34717
34718
34719
34720
34721
34722
34723
34724
34725
34726
34727
34728
34729
34730
34731
34732
34733
34734
34735
34736
34737
34738
34739
34740
34741
34742
34743
34744
34745
34746
34747
34748
34749
34750
36519
36523
37783
37811
37858
37886
37934
37949
38005
38111
38121
38126
38183
38197
38210
38238
38259
38268
38273
38278
38292
38301
38313
38326
38338
38343
38356
38361
38389
38399
38406
38407
38408
38409
38410
38411
38412
38413
38414
38415
38416
38417
38418
38419
38420
38421
38422
38423
38424
38432
38433
38484
38511
38521
38549
38550
38562
38567
38572
38620
38625
38626
38627
38628
38629
38630
38631
38632
38633
38634
38635
38636
38637
38638
38639
38640
38641
38642
38643
38644
38645
38646
38647
38648
38649
38650
38651
38652
38653
38654
38655
38656
38657
38658
38659
38660
38661
38662
38663
38664
38665
38666
38667
38668
38669
38670
38671
38672
38673
38674
38675
38676
38677
38678
38679
38680
38681
38682
38683
38684
38685
38686
38687
38688
38689
38690
38691
38692
38693
38694
38695
38696
38697
38698
38714
38723
38724
38725
38726
38727
38728
38729
38730
38731
38732
38733
38734
38735
38736
38737
38738
38739
38740
38741
38742
38743
38744
38745
38746
38747
38748
38749
38750
38751
38752
38753
38754
38755
38756
38757
38758
38759
38760
38761
38762
38763
38764
38765
38766
38767
38768
38769
38770
38771
38772
38773
38774
38775
38776
38777
38778
38779
38780
38806
38820
38830
38849
38854
38919
38924
38929
38961
38962
38963
38964
38965
38966
38967
38968
38969
38970
38971
38972
38973
38974
38975
38976
38977
38978
38979
38980
38981
38982
38983
38984
38985
38986
38987
38988
38989
38990
38991
38992
38993
38994
38995
38996
38997
38998
38999
39000
39012
39046
39051
39072
39074
39075
39076
39077
39078
39079
39080
39081
39082
39083
39084
39085
39086
39087
39088
39089
39090
39091
39092
39093
39094
39095
39096
39097
39098
39109
39123
39165
39184
39194
39196
39197
39198
39199
39200
39201
39202
39203
39204
39205
39206
39207
39208
39209
39244
39292
39301
39327
39349
39366
39370
39401
39417
39422
39449
39454
39506
39534
39580
39609
39641
39658
39668
39697
39709
39722
39740
39757
39776
39785
39865
39883
39903
39923
39946
40045
40050
40063
40068
40072
40153
40214
40219
40235
40252
40256
40258
40259
40260
40261
40262
40263
40279
40287
40300
40304
40322
40326
40364
40377
40399
40472
40485
40498
40506
40523
40532
40545
40557
40559
40560
40561
40562
40564
40565
40566
40567
40568
40569
40570
40571
40572
40573
40574
40575
40576
40585
40593
40606
40614
40626
40627
40628
40629
40630
40631
40632
40661
40686
40695
41244
41424
41819
44125
44441
44446
44460
44537
44546
44547
44548
44551
44552
44553
44557
44558
44559
44560
44563
44564
44565
44569
44578
44579
44580
44588
44716
44789
44794
44803
44804
44808
44816
44817
44818
44819
44823
44824
44825
45010
45018
45023
45037
45042
45046
45047
45048
45053
45109
45124
45203
45216
45217
45222
45298
45299
45307
45308
45312
45313
45321
45322
45373
45433
45437
45449
45453
45454
45458
45459
45460
45461
45464
45465
45469
45470
45478
45479
45492
45496
45504
45505
45534
45596
45669
45670
45692
45746
45808
45812
45820
45821
45956
45989
46070
46091
46099
46196
46343
46346
46361
46415
46488
46510
46586
46612
46618
46706
46729
46732
46746
46753
46756
46763
46768
46777
46778
46816
46841
46862
46865
46880
46898
46901
46905
47010
47011
47014
47109
47110
47148
47241
47262
47263
47290
47291
47343
47344
47367
47378
47395
47401
47402
47416
47442
47487
47513
47561
47606
47692
47772
47778
47813
47935
47975
48055
48259
48270
48297
48419
48420
48463
48478
48485
48494
48591
48597
48624
48648
48654
